0 -365.67 -1.0 124121413405423250255525266622241415502550240344055365331211103564400464235164111252003666402541165433523241354420041662304262611654542365013660320126645232105141031655420332643426015311430344222423144353645102266260454051121063336061242054143
10 -40.91 5.0 245042245021644150105516353450001050436141240100562213252004240430400245654206200454352466224044125241262665523544252446644505022164000366564350066540400422036013255255420230232252310135364342435455213520640502266260654051121063336061242432541
20 -4.88 9.2 225300451122016002615304646131311450612323454240544213251004102646316444216211036035300046416050613326644334256163250456644505024164000366564350066540400422066013255655443210232252310135364342435455213420645102266260454051126116266061241436262
30 -1.21 8.8 165132451251014154125516353455001451012333443666063636253122215046316644214211500454532056416050613356644534256163324402103402651032600363563660316545400422036013255254420230232252360135360342435155414453645102266221350051126114256061241436202
40 -1.82 11.2 465432452225014150025516353455061050436146240002532213052030245430016444111311000434352466224044125241055424353446131364324505222164000366564350066540400452436013255254450230235252310135360342435155244353245162262261454055126121046334455542416
50 3.04 18.4 625303450362256006562504646131411450412323454240544513251006142646316444216616000444352466224044625441045424352646131364324505022164000366564363466540400452036013255254450250245252310635310342435155254353255102262260454051260221046334455146261
60 12.27 23.6 423334451220043050025510453455001050436146154240544513251004102646316464215211000435352166224044125206330234351112654502202412652366003604345122660014314435444010355225450250232252314135360342435155254453255102266260454051260224041344444436261
70 11.84 27.2 421634451220010450024510443456001050436046156240544513241004102546314424211251001024450666225026535641055424353105152446623505022164000304345122666010334335444310355224250250231253310135360342435155254363255102262110454051160221046006211540461
80 13.82 33.2 423632451220014054225510053455001050436146156250554113251064102646416444215211031454310616224006535641055424352413324502103202651066000604343122660016334335444010355224250250232252313125360352435155254353255122266260454011260224041344444436261
90 13.51 32.8 323362451226043056525510453455001650416145156250544513251004102646316444211251001204404501605052611301455424351405152446623202251066000604343122660016334335444010355224250250132252013125360352435155254353255102266240454011260224041344444436201
100 12.14 38.8 323332451220313150025560453425000050435146152240544513251006102646046464215211050454352166214106123021025464152403152446623503251066000604343102666310334335444020355524250250232252360125360352435155254153256102262360054651160221066551241435216
110 8.25 42.4 423636451220014150165312156655001150406446152460644411551006102646416444215264031204404501505052613021005420153006252446623503652363000304343122660016634360444311355224250250234252314135330352355155254153255102362560450051626401264026246336261
120 17.96 44.4 123634451220014152165312154655001150106141154240044512325534402606336444245211034454350501505052551301055324352416152406623042651006006604343122600016634330441310355224250250235252313135160355435151254156255602262160454024624434064063564445416
130 9.10 42.0 123634451223010150022510453421053150106141154240044512325334403606616444235251030404404501505456535631515425353116324102103202052566215464343122660016654330444060353524250250352252313635361352365155254153255105361260664651161461264465045435413
140 13.56 43.2 435334451230013150165412056655001150435141154240044551325534402602333444242211034434434501524406535631055464353416252502102212451666000643340123666050334330443310355261250250452252113545360353215155254153255205261260624631260231544026246436266
150 18.85 46.0 435334151046003152065312154665001153106144152240043111323534452206616441210211034664350611024406555641525354340453226636613532641006032623343104662010335354441310355264250250516252313135362355365156254243255233261262411054621441264546243405416
160 22.92 52.8 435334151220014152165402154654001150632142154245044551323504402601336444245210035454641613024606535401053444352413324502103202654046046026343104662310335354444060353524250250352254313515360354465155255153253525261260664635260231264044250405415
170 23.86 50.8 435634151046003152165432455655005150430140154240044551323504442036616451615214031452350611024206505001055024310106252406623232652016015604323123336015534305443310350265256250232252033545160353235156254243255233261262610051121151564066311416261
180 35.58 60.2 445334151046003152165432154654001150434141154245044512323615402216616404245210035454150611026405332641503564120106352232101232521066614604043622666010364325413310355234651250516252013165560355365156254223252126252260662635260134564061441105420
190 35.01 66.0 135334151046003153162432156655201150400141154245044511321433402106616444245210035554150611026405332641503564120106252232101202521066614604043122666010364325413310351234651250516252013165560355345155254223255123261360610055241461262064250405412
200 37.05 67.2 435634156061063152662302155655005150430140154240044613323515452216616402255210031454350616660455532641324544120106356004605206451015040623300120606350564350413310355165156250232254215135365355365156254221252136252360066054260351564054250405432
210 27.59 71.6 365634151046043153162432155652005150430140156241044213323515452206330444255210032452350611426401532661424034651106362452101202621063614604033622666010364325313410355265156250242254215135365355365150254223255156452260642634260354564034250415432
220 35.60 71.2 530524151066043153162434155655000150404145154240044523223516453216616404215210034424300654261352535151424061651106226401103102651315440613300620666010324364413310355265156250232254215635565355331156254223253636261202556004260353204051421455420
230 34.00 71.2 360634151046002153162262455232064150124546156240045213063504452200130444225211134451355611250455532641324034652433336002650202450000001624306622666300534350513310355265156250232254215135363355361156254223253636261364064031220534560561040616415
240 43.84 71.0 405334151041023151041612156655005150422140156240044210323515452216616454254610031454255611260455522661424016650433323502103635251065040626343622666300361323510310354265156250632254216135361355341156254123253243241260666632215351524066042416415
250 37.56 70.8 455330151246005152041615156250101150430310156240054252323515452214616450255210034654400511426651636641364434652433366002653206521435440624456622666315331300513310355255156256632254215635515355132156251123252136356664061031220534260026312436411
260 43.33 71.2 300034151224016155041615152655015150422140156241043613323511452212616454255211636654400516660455531661324443120506556501231204501315501624366622666210324304415030355265153250222254215325365355365150254223254436302564064011410445060051420015236
270 34.82 70.0 665652151045423152531610136654003150322125153240643613333511452206456454255214004454330611426651636641421513120106323502103502651315240603351600652010360350213310356065156250222254622135165355361150254524254036502564064011410465060051420015236
280 42.54 73.6 405364151024010152041612126655406150200040156240643613623511452232116454225211664151300611626151636641354443420503156501231204501314141624366622662010360305415310355135156250222254205165212355361150250223256236262336464054021645060061626455212
290 31.96 73.6 466350151225305152041610152655006150423230156241044213523511452212636454220210034634305616260451536541344534652433366042652201311434440604206622666610166305415010355235156250222254215305315355365150254233255135301626046030521643004316455015402
299 45.40 71.2 405364151045523153531510056655005151225620156250253612623511453312116454221211032451350216224465532601421514602403350542652205311434440604204622666610166305415340355215156250221254213635315355341156252223251136301602256010411634161061420655424
