0 -371.61 -78.64 130613110114156211556626261331200006242152240064423025662060063553522526312614440352302105103324246334365534516416031600614103145013222152025032051630426112213414040160421255652660131421233625105550211206445644112461005032621363100435402233106
10 -124.06 3.4 312221011140012042645603623415436466142020305360663522206615106245065041303314422136621201231000646022022210156010406145115103240120420152525032054251661212660310334361442365414420333424211602043454230311152505624414256051501050301500341500362
20 -63.57 2.8 324453124400432200643105004016225114033131020215643306131343624006235046300355210152621366041400521614323425044516025600100151016653232652035106011325626115310141240110452314212440012433611164152421260426445646105025006012164501600234605533313
30 -42.35 3.6 456360400430151561233142332363441205215313331335633301141310614603200536006630621336064143151301626321112231156061261222430605552615244450152416042432666255624341242616452355040454131364666423343441460336443351611526166512104541604235605530325
40 -45.73 5.2 255220510213302550043016534234401454511243163643065162133363346443006564302330620331066143151305651061542132156061250422435600552626344431151644042351666355544341421601252332010441035351663462660441460326451106214522165022366255124645615532325
50 -39.63 5.8 162665241355044625340630062344614545354436056563541346250311511263330535266020621331224102131101625323163301624326516542552421454403040155152605453130360332624114432606454341042453134266014656143254644056443363625362610665523163462662645432501
60 -46.97 6.4 106405241315043150453020226601262402211603112143034115566330656111243515531045442560264366430306213422220150264350164204035600266165144656654650122566424106160634001656452134342452110363515543363454643452452564353114556404503231512400546020044
70 -69.12 7.6 532261251306044123525414344460264143050632141026630143206461611363640624646630661310464461151554366622600206525065051364404632123636422001154314030341263662566465506633454350334452342064666303361450002642453142105300654153462515166130621013550
80 -38.87 6.8 604565625355326520365642524226540433214051065351311051204046161550066151303540234422524354504455162244525061221515650134624600425055343004662544653606613165513565026606454213462452130041106460203454161052453145315401354003463535556400023243562
90 -50.86 7.6 601635422233321001436616051413504206333443235014265405205513563103230415400553331322065042335235301066431251353661133214325655523251420351654612101445444210634064064443452635502455102253263303003456515146455461166510504434061111361122042112000
100 -58.34 6.8 645065102465261000112133051155601213401356426221233061344344143000056652446154436345211254025211224132043250150415626651650512461610422450664124116004633232215041236000454203445456621001030203026454615356455460166433502634241441341220301541151
110 -67.15 7.6 656666612623022366106131451663351536115225253404160320312145362555266021253012161506003364621036036201225232444363665435414504114616426132114605361041001430000404361341452023160455066044114515263455001464452321516561664330321012036134001131014
120 -51.44 7.2 024060015416343304154002313252003444130434546560304144613556602461046005531044054152255465424466311364050012613001006560032300605500032135556140652421106044400503461442450064464454502534521212025452432264452326516221514630210012036134301130014
130 -66.77 7.6 123105062211023054164061113121013421016255510141016326262652424165246311235023341602355320645143065230066136134410654311626644235566335450422153506545645130503106063263451562110453406210656123123454532064454660142442541010061464561223461156135
140 -61.1 7.2 545324551254226212632333643416004064024154564551405436313652314065602051564013653216521126104456435255421256466623520651111216235006030141663430545652056521560406311643454025355455303243246563533456022064454320340361056025323012362511005652140
150 -52.55 6.4 224460523361626025435051266663215440032026535446554365044542620142551446256153541254333042400040424346344020413434215045425311641304144644105543226342311363564514024523451424442456004412211121033451301401456214213001540246203013212141105661641
160 -32.83 7.6 530121650462564003432550124546363415240404366521306641223315110014651651300550261302313041363213406235363300060251034546303006250526631204043143662311335365424642656326451164452451264044265402236455060245456224406341632434251531400160265520631
170 -57.6 7.2 536201646501165325360064006545555316233632102236335060233325454636314405252505212305134544622530434515316310320664656224521521440604245322151134236355223556362514361565454361506453011532225401502454602246450413002463000252313213253131103411231
180 -50.2 6.8 666221414656146540123644006545555316036652126236315060236324255616014404331541013012310002615322314515416023521134514424261521460241211636625400526432346014432543612145450340466455125412210515020453664414451331236351013354224661131546311321031
190 -56.98 6.8 332200666101321025325642410114425120461615051562252141152305364420333224640504435455360444031140634654312355141626211612144230115503234321405006344626642566616062556443452401550455466246531213416455541653450204603460062010314321035342301512320
200 -40.62 7.2 254321003501056335150342300641326535411036011062416635333456553046601144325554400100236406154146515665212454512342500413441564465504631126112210104436356564013652336420452360506452051563421512364450000642450244503051556620144361544053011406651
210 -56.64 8.0 356204121140641244131345100642300306401544113435562125242404063331645540132565330131636405564146654540264555134660033451334530445001031426016112330460511300503140241446453164620451232014466143430454311255451251115052013530625321055413544635106
220 -49.13 7.6 450015321251651120346453366441061051136023324521160644400044626431155543450452401352350166616240346040032463332241436301640534100430234310335614630405152536241364255201452126413455052552424213054156131450451046146105035423552314646102255544321
230 -79.59 8.0 342253503213240300544413410216601605066434240434222053506044521253340041432312151602161161551250413055653321254520231551515335514023102156424145344321122536223450323126451102045454455612662354012453061031454140341612331463342354136263344205032
240 -42.2 6.8 653205311213440521444443412251601605066434064340461021236650242421221460406132600612136021534342244532253125300240221101212050553340165065015342400355141553134306224431454116005455125211662054511455064465454643351432535063162251444603055311401
250 -53.27 6.4 662543626452066641224403362343161540541604651031233505530153616405211442110135330510166022513242064532233125565214261111202050353340045065036412102351231023134306533431452165225450655166602466116451054033450144564654513251205240244561610361116
260 -38.64 6.8 610513504550001521013555662301401444261161036350131511336063643003520064131225213465164012333415102213041230240026004602650205552344501355216544520350154521520240500013453544001456455116434620116452536141450164513334525264661351021402015156413
270 -38.32 6.8 556325416430226252616516041356043006623506604614552246635231261311546041151220362632006425044236311322265660224255511521255065254423334155645302452441141612252235415363451434312454455112146246324451254441451131043001312263331140504605324464360
280 -50.92 7.2 400246156504626226302311662151564434665164134364150345652263662360406536356124356035155543656116502024155020601003141003351456235140653430521226201661140264120210113224451243204452511124035112564452214553452111056621166265635431661410560300361
290 -26.96 7.2 006163510055225251511555504110535066061010424114253242246354000351000165464433221555363552046142324403642664234435005121354353160161423601330452344041400523635254353315455462101450316616405040204453111224450166526666101663255442056563032440000
